3.660000000000000000e+02
4.040000000000000000e+02
1.820000000000000000e+02
3.020000000000000000e+02
3.360000000000000000e+02
1.430000000000000000e+02
1.800000000000000000e+02
2.060000000000000000e+02
2.070000000000000000e+02
2.350000000000000000e+02
2.390000000000000000e+02
3.250000000000000000e+02
3.330000000000000000e+02
3.340000000000000000e+02
3.890000000000000000e+02
4.130000000000000000e+02
1.500000000000000000e+01
2.600000000000000000e+01
2.700000000000000000e+01
4.200000000000000000e+01
5.100000000000000000e+01
5.500000000000000000e+01
7.200000000000000000e+01
1.020000000000000000e+02
1.040000000000000000e+02
1.370000000000000000e+02
1.840000000000000000e+02
2.130000000000000000e+02
2.500000000000000000e+02
2.520000000000000000e+02
3.010000000000000000e+02
3.170000000000000000e+02
4.360000000000000000e+02
4.370000000000000000e+02
2.660000000000000000e+02
2.200000000000000000e+01
4.000000000000000000e+01
8.500000000000000000e+01
1.340000000000000000e+02
2.760000000000000000e+02
3.450000000000000000e+02
7.000000000000000000e+00
3.900000000000000000e+02
4.190000000000000000e+02
