4.000000000000000000e+00
7.000000000000000000e+01
1.070000000000000000e+02
1.080000000000000000e+02
1.500000000000000000e+02
2.430000000000000000e+02
2.400000000000000000e+01
7.500000000000000000e+01
8.400000000000000000e+01
1.060000000000000000e+02
1.790000000000000000e+02
2.340000000000000000e+02
2.260000000000000000e+02
3.260000000000000000e+02
1.770000000000000000e+02
2.030000000000000000e+02
3.120000000000000000e+02
3.200000000000000000e+01
1.900000000000000000e+02
1.180000000000000000e+02
