2.900000000000000000e+01
3.410000000000000000e+02
1.100000000000000000e+02
1.110000000000000000e+02
2.000000000000000000e+01
3.300000000000000000e+02
3.190000000000000000e+02
3.200000000000000000e+02
1.700000000000000000e+02
2.050000000000000000e+02
3.080000000000000000e+02
3.350000000000000000e+02
3.400000000000000000e+02
3.500000000000000000e+01
1.120000000000000000e+02
1.130000000000000000e+02
8.800000000000000000e+01
8.900000000000000000e+01
2.870000000000000000e+02
2.930000000000000000e+02
3.230000000000000000e+02
3.270000000000000000e+02
3.680000000000000000e+02
1.510000000000000000e+02
8.000000000000000000e+00
9.000000000000000000e+00
5.800000000000000000e+01
6.500000000000000000e+01
9.600000000000000000e+01
2.280000000000000000e+02
