3.000000000000000000e+00
3.100000000000000000e+01
4.100000000000000000e+01
5.000000000000000000e+01
6.800000000000000000e+01
8.200000000000000000e+01
9.200000000000000000e+01
1.050000000000000000e+02
1.160000000000000000e+02
1.250000000000000000e+02
1.320000000000000000e+02
1.570000000000000000e+02
2.840000000000000000e+02
1.350000000000000000e+02
3.810000000000000000e+02
3.820000000000000000e+02
1.300000000000000000e+01
1.900000000000000000e+01
3.300000000000000000e+01
5.600000000000000000e+01
5.900000000000000000e+01
1.680000000000000000e+02
1.760000000000000000e+02
2.360000000000000000e+02
2.370000000000000000e+02
3.130000000000000000e+02
1.700000000000000000e+01
8.700000000000000000e+01
3.030000000000000000e+02
