3.710000000000000000e+02
3.700000000000000000e+01
5.200000000000000000e+01
1.280000000000000000e+02
1.960000000000000000e+02
1.970000000000000000e+02
3.770000000000000000e+02
3.420000000000000000e+02
2.970000000000000000e+02
3.800000000000000000e+01
1.690000000000000000e+02
4.310000000000000000e+02
3.900000000000000000e+01
5.400000000000000000e+01
2.650000000000000000e+02
4.500000000000000000e+01
9.700000000000000000e+01
2.170000000000000000e+02
3.060000000000000000e+02
3.440000000000000000e+02
3.720000000000000000e+02
1.620000000000000000e+02
