1.640000000000000000e+02
4.110000000000000000e+02
4.160000000000000000e+02
1.610000000000000000e+02
2.830000000000000000e+02
2.920000000000000000e+02
3.050000000000000000e+02
3.850000000000000000e+02
4.140000000000000000e+02
4.800000000000000000e+01
4.050000000000000000e+02
4.060000000000000000e+02
7.300000000000000000e+01
1.090000000000000000e+02
1.380000000000000000e+02
1.660000000000000000e+02
2.020000000000000000e+02
2.230000000000000000e+02
2.900000000000000000e+02
2.940000000000000000e+02
3.000000000000000000e+02
3.160000000000000000e+02
3.630000000000000000e+02
3.670000000000000000e+02
3.690000000000000000e+02
3.830000000000000000e+02
3.920000000000000000e+02
4.010000000000000000e+02
4.090000000000000000e+02
4.150000000000000000e+02
4.290000000000000000e+02
4.340000000000000000e+02
3.470000000000000000e+02
1.330000000000000000e+02
1.580000000000000000e+02
1.590000000000000000e+02
2.880000000000000000e+02
3.550000000000000000e+02
3.560000000000000000e+02
3.910000000000000000e+02
1.600000000000000000e+01
3.400000000000000000e+01
1.300000000000000000e+02
1.420000000000000000e+02
1.630000000000000000e+02
1.810000000000000000e+02
1.920000000000000000e+02
1.930000000000000000e+02
2.790000000000000000e+02
3.540000000000000000e+02
3.880000000000000000e+02
4.000000000000000000e+02
9.400000000000000000e+01
3.840000000000000000e+02
4.320000000000000000e+02
