1.200000000000000000e+01
3.000000000000000000e+01
5.700000000000000000e+01
1.650000000000000000e+02
1.730000000000000000e+02
1.740000000000000000e+02
4.600000000000000000e+01
2.120000000000000000e+02
2.160000000000000000e+02
1.150000000000000000e+02
1.550000000000000000e+02
2.450000000000000000e+02
2.480000000000000000e+02
2.510000000000000000e+02
2.540000000000000000e+02
2.570000000000000000e+02
2.600000000000000000e+02
3.930000000000000000e+02
3.940000000000000000e+02
4.250000000000000000e+02
4.260000000000000000e+02
4.270000000000000000e+02
