1.530000000000000000e+02
3.240000000000000000e+02
1.780000000000000000e+02
6.100000000000000000e+01
2.440000000000000000e+02
2.460000000000000000e+02
2.470000000000000000e+02
2.490000000000000000e+02
3.110000000000000000e+02
6.000000000000000000e+00
1.260000000000000000e+02
2.190000000000000000e+02
2.270000000000000000e+02
3.090000000000000000e+02
4.120000000000000000e+02
1.890000000000000000e+02
3.730000000000000000e+02
5.000000000000000000e+00
6.400000000000000000e+01
2.780000000000000000e+02
